0 0.240234375 0.1076388888888889 0.06953125 0.05416666666666667
0 0.256640625 0.15069444444444444 0.05859375 0.04861111111111111
0 0.27109375 0.20277777777777778 0.0640625 0.06111111111111111
0 0.3 0.2590277777777778 0.090625 0.05416666666666667
0 0.308984375 0.32083333333333336 0.10703125 0.075
0 0.339453125 0.39861111111111114 0.10546875 0.09444444444444444
0 0.371484375 0.4840277777777778 0.10546875 0.08472222222222223
0 0.4078125 0.5763888888888888 0.1234375 0.10555555555555556
0 0.444921875 0.6791666666666667 0.13046875 0.11388888888888889
0 0.4890625 0.8041666666666667 0.153125 0.15
0 0.63515625 0.7375 0.1234375 0.14444444444444443
0 0.58671875 0.6201388888888889 0.121875 0.12916666666666668
0 0.531640625 0.5125 0.14453125 0.12777777777777777
0 0.50234375 0.42430555555555555 0.1125 0.09305555555555556
0 0.458203125 0.34375 0.10703125 0.10972222222222222
0 0.424609375 0.28958333333333336 0.11015625 0.0875
0 0.390234375 0.22569444444444445 0.09765625 0.07361111111111111
0 0.3671875 0.17291666666666666 0.090625 0.06527777777777778
0 0.33671875 0.12430555555555556 0.078125 0.05138888888888889
0 0.3140625 0.0798611111111111 0.0859375 0.05416666666666667
0 0.8203125 0.45902777777777776 0.0578125 0.15138888888888888
0 0.757421875 0.3951388888888889 0.04453125 0.1486111111111111
0 0.709375 0.32916666666666666 0.0453125 0.14166666666666666
0 0.659765625 0.2569444444444444 0.04296875 0.11666666666666667
0 0.615625 0.21388888888888888 0.0328125 0.11666666666666667
0 0.576953125 0.16111111111111112 0.03359375 0.11666666666666667
0 0.546484375 0.10625 0.02265625 0.09583333333333334
0 0.513671875 0.059722222222222225 0.03515625 0.07777777777777778
1 0.8859375 0.5069444444444444 0.065625 0.18333333333333332
0 0.90234375 0.18888888888888888 0.053125 0.1388888888888889
0 0.95703125 0.23194444444444445 0.053125 0.1388888888888889
0 0.85234375 0.14166666666666666 0.053125 0.1388888888888889
0 0.8046875 0.1 0.053125 0.1388888888888889
0 0.865234375 0.3625 0.08984375 0.08055555555555556
0 0.812109375 0.28888888888888886 0.08984375 0.08055555555555556
0 0.758984375 0.22777777777777777 0.08984375 0.08055555555555556
0 0.714453125 0.16944444444444445 0.08984375 0.08055555555555556
0 0.681640625 0.12638888888888888 0.08984375 0.08055555555555556
