0 0.569921875 0.6111111111111112 0.10703125 0.1111111111111111
0 0.53828125 0.5166666666666667 0.128125 0.1111111111111111
0 0.48984375 0.4215277777777778 0.1203125 0.12083333333333333
0 0.450390625 0.3472222222222222 0.11640625 0.11666666666666667
0 0.755859375 0.3923611111111111 0.07265625 0.16527777777777777
0 0.818359375 0.4576388888888889 0.07265625 0.16527777777777777
0 0.71171875 0.33125 0.059375 0.1736111111111111
0 0.66015625 0.25625 0.059375 0.1736111111111111
1 0.6203125 0.1673611111111111 0.0515625 0.12916666666666668
1 0.88515625 0.5020833333333333 0.0515625 0.12916666666666668
1 0.618359375 0.7104166666666667 0.11953125 0.14305555555555555
1 0.475390625 0.6826388888888889 0.11953125 0.14305555555555555
1 0.321484375 0.31319444444444444 0.10859375 0.12083333333333333
1 0.274609375 0.19305555555555556 0.08359375 0.09444444444444444
1 0.3109375 0.07152777777777777 0.0875 0.06805555555555555
1 0.515234375 0.05625 0.05234375 0.09027777777777778
1 0.578515625 0.1284722222222222 0.05234375 0.09027777777777778
