1 0.614453125 0.7236111111111111 0.12265625 0.1388888888888889
1 0.563671875 0.5986111111111111 0.12265625 0.1388888888888889
1 0.474609375 0.6916666666666667 0.12265625 0.1388888888888889
1 0.426171875 0.5763888888888888 0.12265625 0.1388888888888889
1 0.397265625 0.4861111111111111 0.12265625 0.1388888888888889
1 0.379296875 0.20972222222222223 0.06796875 0.07777777777777778
1 0.350390625 0.15138888888888888 0.06796875 0.07777777777777778
1 0.279296875 0.18611111111111112 0.06796875 0.07777777777777778
1 0.248046875 0.09444444444444444 0.06796875 0.07777777777777778
1 0.304296875 0.058333333333333334 0.06796875 0.07777777777777778
1 0.320703125 0.09861111111111111 0.06796875 0.07777777777777778
1 0.510546875 0.05555555555555555 0.04765625 0.10277777777777777
1 0.580859375 0.12638888888888888 0.04765625 0.10277777777777777
1 0.622265625 0.1638888888888889 0.04765625 0.10277777777777777
1 0.757421875 0.35 0.05234375 0.12222222222222222
1 0.816796875 0.4166666666666667 0.05234375 0.12222222222222222
1 0.881640625 0.5041666666666667 0.05234375 0.12222222222222222
1 0.941015625 0.4263888888888889 0.10234375 0.11944444444444445
1 0.866015625 0.3451388888888889 0.07890625 0.07916666666666666
1 0.96015625 0.19166666666666668 0.053125 0.09444444444444444
1 0.90703125 0.1527777777777778 0.05625 0.09166666666666666
1 0.85 0.09861111111111111 0.046875 0.10833333333333334
1 0.80390625 0.06041666666666667 0.046875 0.09583333333333334
1 0.765625 0.03819444444444445 0.04375 0.07361111111111111
0 0.703515625 0.3104166666666667 0.05703125 0.12916666666666668
0 0.661328125 0.23819444444444443 0.05703125 0.12916666666666668
0 0.5203125 0.5034722222222222 0.103125 0.08194444444444444
0 0.48828125 0.42291666666666666 0.103125 0.08194444444444444
0 0.45546875 0.3368055555555556 0.103125 0.08194444444444444
0 0.4234375 0.2743055555555556 0.103125 0.08194444444444444
0 0.296875 0.26319444444444445 0.103125 0.08194444444444444
0 0.3203125 0.32708333333333334 0.103125 0.08194444444444444
0 0.346875 0.4076388888888889 0.103125 0.08194444444444444
0 0.50234375 0.8270833333333333 0.16875 0.18472222222222223
0 0.814453125 0.2861111111111111 0.11328125 0.09444444444444444
0 0.769921875 0.2361111111111111 0.11328125 0.09444444444444444
0 0.725390625 0.18194444444444444 0.11328125 0.09444444444444444
0 0.683203125 0.13055555555555556 0.11328125 0.09444444444444444
