0 0.52734375 0.5138888888888888 0.128125 0.1111111111111111
0 0.49140625 0.42777777777777776 0.128125 0.1111111111111111
0 0.4578125 0.3541666666666667 0.128125 0.1111111111111111
0 0.701171875 0.30277777777777776 0.07265625 0.14166666666666666
0 0.808984375 0.29097222222222224 0.09296875 0.06527777777777778
0 0.765234375 0.23541666666666666 0.09296875 0.06527777777777778
0 0.723046875 0.1798611111111111 0.09296875 0.06527777777777778
0 0.675390625 0.13125 0.09296875 0.06527777777777778
0 0.644921875 0.08402777777777778 0.09296875 0.06527777777777778
0 0.5015625 0.8125 0.16875 0.20555555555555555
1 0.625390625 0.7381944444444445 0.12734375 0.1375
1 0.569140625 0.6020833333333333 0.12734375 0.1375
1 0.459765625 0.6854166666666667 0.12734375 0.1375
1 0.423046875 0.5701388888888889 0.12734375 0.1375
1 0.39140625 0.47152777777777777 0.1 0.09027777777777778
1 0.3390625 0.38958333333333334 0.096875 0.09027777777777778
1 0.297265625 0.2513888888888889 0.09609375 0.09722222222222222
1 0.280078125 0.18611111111111112 0.09609375 0.09722222222222222
1 0.24765625 0.09652777777777778 0.075 0.06805555555555555
1 0.3015625 0.06458333333333334 0.075 0.06805555555555555
1 0.31953125 0.10208333333333333 0.075 0.06805555555555555
1 0.34765625 0.15069444444444444 0.075 0.06805555555555555
1 0.375 0.20625 0.075 0.06805555555555555
1 0.396875 0.2673611111111111 0.075 0.06805555555555555
1 0.512890625 0.05138888888888889 0.03671875 0.08333333333333333
1 0.547265625 0.075 0.03671875 0.08333333333333333
1 0.577734375 0.10972222222222222 0.03671875 0.08333333333333333
1 0.622265625 0.16111111111111112 0.03671875 0.08333333333333333
1 0.651953125 0.21666666666666667 0.03671875 0.08333333333333333
1 0.755859375 0.35208333333333336 0.05234375 0.1125
1 0.819921875 0.41875 0.05234375 0.1125
1 0.883203125 0.5020833333333333 0.05234375 0.1125
1 0.867578125 0.3388888888888889 0.08359375 0.06388888888888888
1 0.9375 0.41805555555555557 0.096875 0.10833333333333334
1 0.95859375 0.21180555555555555 0.0546875 0.10138888888888889
1 0.90859375 0.15208333333333332 0.0546875 0.10138888888888889
1 0.85703125 0.10069444444444445 0.0546875 0.10138888888888889
1 0.80625 0.07430555555555556 0.0546875 0.10138888888888889
1 0.75625 0.029861111111111113 0.0453125 0.05694444444444444
