1 0.50234375 0.9 0.1234375 0.1638888888888889
1 0.528125 0.8180555555555555 0.1234375 0.1638888888888889
1 0.475390625 0.68125 0.11484375 0.11805555555555555
1 0.424609375 0.5729166666666666 0.11484375 0.11805555555555555
1 0.391796875 0.47430555555555554 0.11484375 0.11805555555555555
1 0.347265625 0.38819444444444445 0.11484375 0.11805555555555555
1 0.33671875 0.3138888888888889 0.103125 0.08888888888888889
1 0.29765625 0.2375 0.0765625 0.06388888888888888
1 0.278125 0.18888888888888888 0.0765625 0.08055555555555556
1 0.4234375 0.32916666666666666 0.0921875 0.07777777777777778
1 0.46875 0.39861111111111114 0.0921875 0.07777777777777778
1 0.49375 0.4888888888888889 0.0921875 0.07777777777777778
1 0.553515625 0.5909722222222222 0.10703125 0.09027777777777778
1 0.610546875 0.7145833333333333 0.10703125 0.09027777777777778
1 0.40078125 0.26805555555555555 0.0875 0.06388888888888888
1 0.37890625 0.20972222222222223 0.0875 0.06388888888888888
1 0.35390625 0.15833333333333333 0.0875 0.06388888888888888
1 0.32265625 0.10902777777777778 0.071875 0.06527777777777778
1 0.31640625 0.06111111111111111 0.075 0.06388888888888888
1 0.235546875 0.04236111111111111 0.07109375 0.0625
1 0.248828125 0.08958333333333333 0.07109375 0.0625
1 0.884375 0.5097222222222222 0.05 0.1361111111111111
1 0.259765625 0.13402777777777777 0.07109375 0.0625
1 0.82265625 0.42083333333333334 0.05 0.1361111111111111
1 0.7625 0.3486111111111111 0.05 0.1361111111111111
1 0.71796875 0.2902777777777778 0.05 0.1361111111111111
1 0.6546875 0.22777777777777777 0.05 0.1361111111111111
1 0.62890625 0.16666666666666666 0.05 0.1361111111111111
1 0.5875 0.11666666666666667 0.05 0.1361111111111111
1 0.55703125 0.0875 0.05 0.1361111111111111
1 0.937109375 0.4111111111111111 0.09609375 0.08333333333333333
1 0.870703125 0.34305555555555556 0.09609375 0.08333333333333333
1 0.820703125 0.2791666666666667 0.09609375 0.08333333333333333
1 0.769140625 0.2111111111111111 0.09609375 0.08333333333333333
1 0.708203125 0.16458333333333333 0.07890625 0.07916666666666666
1 0.672265625 0.12013888888888889 0.07890625 0.07916666666666666
1 0.626953125 0.06736111111111111 0.07890625 0.07916666666666666
1 0.95859375 0.2 0.0421875 0.09166666666666666
1 0.91015625 0.15694444444444444 0.0421875 0.09166666666666666
1 0.8609375 0.10972222222222222 0.0421875 0.09166666666666666
1 0.81015625 0.06527777777777778 0.0421875 0.09166666666666666
1 0.76484375 0.03611111111111111 0.0375 0.06944444444444445
2 0.8296875 0.6722222222222223 0.0921875 0.1388888888888889
2 0.75625 0.5555555555555556 0.0921875 0.1388888888888889
2 0.690625 0.46944444444444444 0.0921875 0.1388888888888889
2 0.62265625 0.37083333333333335 0.0921875 0.1388888888888889
2 0.575 0.2875 0.0921875 0.1388888888888889
2 0.52734375 0.21736111111111112 0.0578125 0.09583333333333334
2 0.4421875 0.09930555555555555 0.0515625 0.0875
2 0.48046875 0.15486111111111112 0.0578125 0.09583333333333334
2 0.408203125 0.052083333333333336 0.04921875 0.08194444444444444
